# start run, end run, label
0118,0127
0161,0168
0183,0192
0203,0212
0213,0222
0228,0247
0248,0257
0273,0278
0279,0284
0285,0290
0291,0296
0297,0302
0303,0308
0309,0314
0315,0326
0327,0338
0339,0358
0388,0393
0394,0399
0400,0407
0408,0417
0418,0427
0428,0433
0437,0442
0443,0448
0449,0454
0455,0472
0477,0492
0495,0500
0501,0510
0539,0575
0579,0588
0589,0598
0599,0608
0613,0632
0633,0642
0645,0654
0657,0666
0672,0681
0683,0692
0694,0703
0707,0716
0718,0727
0729,0738
0739,0748
0750,0759
0761,0770
0772,0781
0783,0792
0794,0803
0805,0814
0816,0825
0827,0841
0843,0852
0854,0863
0865,0874
0877,0896
0897,0916
0917,0936
0938,0947
0949,0958
0959,0968
0969,0978,
0979,0988, ScV_2um_1.00
1008,1017, ScV_2um_0.382
1019,1028, ScV_2um_0.236
1030,1039, ScV_2um_0.146
1041,1050, ScV_2um_0.618
1052,1061, ScV_2um_0.0558
1064,1075, ScV_2um_0.0213
1077,1088, ScV_2um_0.0213
1097,1106, ScV_5um_1.00
1107,1116, ScV_10um_1.00
1117,1126, ScV_20um_1.00
1127,1136, ScV_40um_1.00
1137,1146, ScV_5um_1.00
1150,1159, ScV_5um_0.62
1161,1170, ScV_10um_0.62
1172,1181, ScV_20um_0.62
1184,1193, ScV_40um_0.62
1195,1204, ScV_5um_0.24
1206,1215, ScV_10um_0.24
1217,1226, ScV_20um_0.24
1228,1237, ScV_40um_0.24
1239,1248, ScV_5um_0.24
1250,1259, ScV_5um_0.09
1261,1270, ScV_10um_0.09
1272,1281, ScV_20um_0.09
1283,1292, ScV_40um_0.09
1294,1303, ScV_5um_0.09
1305,1314, ScV_60um_0.24
1316,1325, ScV_60um_0.24
1327,1336, ScV_60um_0.035
1338,1347, ScV_60um_0.035
1349,1358, ScV_60um_1.00
1360,1369, ScV_60um_0.62
